xMin:-0.6663303778834309
xMax:-0.6657621688087014
yMin:0.3555314903505172
yMax:0.35589617940469137
Scheme:Thunder
