xMin:-1.0964825610136673
xMax:-1.0961461791287588
yMin:0.23398806482508377
yMax:0.2342039621011119
